16 16 99
1 2 M M 1 0 0 1 M 1 2 M 3 M 1 0
1 M 3 2 1 1 1 3 2 2 2 M 3 1 2 1
2 2 1 1 1 2 M 2 M 1 1 1 1 0 1 M
M 1 0 1 M 2 1 3 2 2 0 0 0 0 2 2
1 2 1 2 1 1 0 1 M 1 0 0 0 0 1 M
0 1 M 1 0 0 0 2 2 2 0 0 0 0 1 1
0 1 1 1 0 0 0 1 M 2 1 1 0 0 0 0
0 0 1 1 1 0 0 1 1 3 M 4 2 1 1 1
0 0 1 M 1 0 0 0 0 2 M M M 2 1 M
0 0 1 1 1 0 0 0 0 1 2 4 M 2 1 1
0 1 1 1 1 1 1 1 1 1 0 1 1 1 0 0
0 2 M 2 2 M 2 1 M 2 1 2 1 1 0 0
0 3 M 3 2 M 4 3 2 2 M 3 M 3 1 0
0 2 M 2 1 2 M M 1 1 1 4 M M 2 0
2 3 2 1 0 1 2 3 2 1 0 2 M M 2 0
M M 1 0 0 0 0 1 M 1 0 1 2 2 1 0
r 5 7
r 8 12
f 2 3
r 13 4
r 1 6
f 0 0
r 6 11
f 9 5
r 3 8
f 12 2
r 4 9
f 7 13
r 10 1
r 14 14
f 11 6
r 0 15
f 5 10
r 8 8
f 6 4
r 2 5
f 13 7
r 9 10
f 1 14
r 15 3
r 3 12
f 4 0
r 7 11
f 14 9
r 12 6
f 8 0
r 6 2
f 5 8
r 2 14
f 15 15
r 11 9
f 1 3
r 0 7
f 10 4
r 3 5
f 7 1
r 9 14
f 14 8
r 13 13
f 4 2
r 15 0